6
1
2
2 4 18 8 0 -1
2 8 18 4 0 2
haar_y2
1.084171e-001 0 -1
-7.245510e-001 5.193134e-001 
1
2
15 1 8 11 0 -1
17 3 4 11 0 2
tilted_haar_y4
-1.441623e-003 0 -1
1.927237e-001 -5.720487e-001 
1
3
5 3 8 16 0 -1
5 3 4 8 0 2
9 11 4 8 0 2
haar_x2_y2
-4.246335e-002 0 -1
4.922273e-001 -6.004085e-001 
1
2
6 5 12 4 0 -1
6 7 12 2 0 2
haar_y2
2.221682e-002 0 -1
-6.082781e-001 4.324562e-001 
1
2
9 7 3 4 0 -1
9 9 3 2 0 2
haar_y2
-1.514939e-003 0 -1
-8.721914e-001 2.802422e-001 
1
2
17 0 6 1 0 -1
17 0 3 1 0 2
haar_x2
-5.175077e-004 0 -1
-4.305001e-001 1.353427e-001 
-1.324929e+000

6
-1
