7
1
3
3 19 6 4 0 -1
3 19 3 2 0 2
6 21 3 2 0 2
haar_x2_y2
5.349983e-003 0 -1
-4.082398e-001 8.195491e-001 
1
3
18 5 6 6 0 -1
21 5 3 3 0 2
18 8 3 3 0 2
haar_x2_y2
3.179176e-003 0 -1
-5.824707e-001 4.649467e-001 
1
2
10 21 4 2 0 -1
10 22 4 1 0 2
haar_y2
-2.867257e-003 0 -1
8.119261e-001 -3.387721e-001 
1
3
20 5 2 12 0 -1
21 5 1 6 0 2
20 11 1 6 0 2
haar_x2_y2
6.789881e-004 0 -1
-3.791187e-001 3.459493e-001 
1
3
0 16 8 4 0 -1
0 16 4 2 0 2
4 18 4 2 0 2
haar_x2_y2
-2.916929e-003 0 -1
6.644888e-001 -3.989655e-001 
1
2
15 1 9 11 0 -1
18 4 3 11 0 3
tilted_haar_y3
1.838150e-002 0 -1
2.274936e-001 -6.753206e-001 
1
3
2 5 2 12 0 -1
2 5 1 6 0 2
3 11 1 6 0 2
haar_x2_y2
1.617694e-003 0 -1
-5.309689e-001 4.383960e-001 
-1.347588e+000

8
-1
