10
1
2
10 1 4 10 0 -1
10 1 2 10 0 2
tilted_haar_x2
-3.393511e-002 0 -1
3.770492e-001 -5.897438e-001 
1
2
19 13 3 3 0 -1
19 14 3 1 0 3
haar_y3
1.224838e-003 0 -1
1.415914e-001 -7.444031e-001 
1
2
2 13 3 3 0 -1
2 14 3 1 0 3
haar_y3
8.237001e-004 0 -1
2.399316e-001 -8.036428e-001 
1
2
19 14 3 4 0 -1
19 15 3 2 0 2
haar_y4
2.695146e-003 0 -1
8.564296e-002 -7.450623e-001 
1
3
2 16 6 4 0 -1
2 16 3 2 0 2
5 18 3 2 0 2
haar_x2_y2
-3.373877e-003 0 -1
5.570203e-001 -3.599888e-001 
1
2
14 0 1 2 0 -1
14 0 1 1 0 2
tilted_haar_x2
-1.033244e-003 0 -1
-5.291290e-001 1.820685e-001 
1
3
4 18 16 6 0 -1
4 18 8 3 0 2
12 21 8 3 0 2
haar_x2_y2
-1.460917e-002 0 -1
-9.115030e-001 2.144269e-001 
1
2
13 9 10 4 0 -1
13 10 10 2 0 2
haar_y4
3.663764e-003 0 -1
-3.767901e-001 2.586475e-001 
1
2
4 15 8 2 0 -1
8 15 4 2 0 2
haar_x2
-6.594082e-004 0 -1
3.062065e-001 -5.951383e-001 
1
3
22 0 2 4 0 -1
23 0 1 2 0 2
22 2 1 2 0 2
haar_x2_y2
-2.642164e-003 0 -1
5.967652e-001 -1.223410e-001 
-1.256100e+000

12
-1
