8
1
2
9 1 2 5 0 -1
10 1 1 5 0 2
haar_x2
1.299700e-003 0 -1
-8.019802e-001 2.709031e-001 
1
3
16 18 6 6 0 -1
19 18 3 3 0 2
16 21 3 3 0 2
haar_x2_y2
1.130618e-002 0 -1
-3.831652e-001 7.677237e-001 
1
2
0 0 8 1 0 -1
4 0 4 1 0 2
haar_x2
3.724429e-003 0 -1
-3.778922e-001 5.861976e-001 
1
2
11 19 4 4 0 -1
11 20 4 2 0 2
haar_y4
7.285856e-003 0 -1
-2.408058e-001 7.416299e-001 
1
2
9 8 6 2 0 -1
9 9 6 1 0 2
haar_y2
-8.963145e-004 0 -1
-7.556658e-001 3.563405e-001 
1
2
17 11 4 5 0 -1
18 11 2 5 0 2
haar_x4
3.695133e-003 0 -1
-2.780398e-002 -3.811229e-001 
1
2
4 11 6 4 0 -1
7 11 3 4 0 2
haar_x2
-1.984158e-003 0 -1
3.588512e-001 -5.689055e-001 
1
2
9 18 6 3 0 -1
9 19 6 1 0 3
haar_y3
1.954572e-003 0 -1
-3.865619e-001 5.850467e-001 
-8.095122e-001

13
-1
