9
1
2
4 1 10 7 0 -1
9 1 5 7 0 2
haar_x2
7.549530e-002 0 -1
-4.903847e-001 5.312502e-001 
1
2
12 2 1 10 0 -1
12 2 1 5 0 2
tilted_haar_x2
-5.861906e-004 0 -1
1.309166e-001 -6.541825e-001 
1
3
3 8 18 8 0 -1
3 8 9 4 0 2
12 12 9 4 0 2
haar_x2_y2
2.307073e-002 0 -1
2.814778e-001 -8.771220e-001 
1
2
16 0 8 1 0 -1
16 0 4 1 0 2
haar_x2
2.869429e-003 0 -1
-3.657434e-001 2.413488e-001 
1
3
5 9 14 2 0 -1
5 9 7 1 0 2
12 10 7 1 0 2
haar_x2_y2
-1.846830e-003 0 -1
-7.757359e-001 2.872637e-001 
1
2
9 17 6 3 0 -1
9 18 6 1 0 3
haar_y3
4.513276e-003 0 -1
-3.455495e-001 7.113907e-001 
1
2
9 16 3 3 0 -1
9 17 3 1 0 3
haar_y3
2.542002e-003 0 -1
-2.958684e-001 7.353097e-001 
1
2
13 2 2 4 0 -1
13 2 1 4 0 2
haar_x2
1.152933e-003 0 -1
-4.015509e-001 2.655964e-001 
1
2
1 8 1 4 0 -1
1 9 1 2 0 2
haar_y4
1.113190e-003 0 -1
2.267133e-001 -8.455380e-001 
-1.201349e+000

10
-1
