6
1
2
6 2 12 6 0 -1
10 2 4 6 0 3
haar_x3
6.801194e-002 0 -1
-8.152174e-001 6.944446e-001 
1
2
12 0 6 1 0 -1
12 0 3 1 0 2
tilted_haar_y2
4.326511e-003 0 -1
-7.778957e-001 3.778058e-001 
1
3
1 9 20 8 0 -1
1 9 10 4 0 2
11 13 10 4 0 2
haar_x2_y2
1.832888e-002 0 -1
2.904355e-001 -9.151534e-001 
1
2
3 0 20 4 0 -1
3 2 20 2 0 2
haar_y2
-5.000979e-002 0 -1
7.529436e-001 -4.093720e-001 
1
2
0 9 15 3 0 -1
0 10 15 1 0 3
haar_y3
-2.684058e-003 0 -1
-9.343369e-001 3.665640e-001 
1
3
1 6 22 10 0 -1
12 6 11 5 0 2
1 11 11 5 0 2
haar_x2_y2
3.390241e-002 0 -1
3.030035e-001 -9.369987e-001 
-1.042482e+000

4
-1
