10
1
2
0 8 10 4 0 -1
0 9 10 2 0 2
haar_y4
7.759263e-004 0 -1
-7.699115e-001 3.031360e-001 
1
2
1 2 22 10 0 -1
1 7 22 5 0 2
haar_y2
2.904680e-001 0 -1
-3.789871e-001 6.614830e-001 
1
2
0 0 4 1 0 -1
2 0 2 1 0 2
haar_x2
1.868449e-003 0 -1
-3.655249e-001 6.526979e-001 
1
2
7 23 12 1 0 -1
11 23 4 1 0 3
haar_x3
-4.370481e-003 0 -1
2.942970e-001 -2.578193e-001 
1
2
3 0 18 10 0 -1
9 0 6 10 0 3
haar_x3
1.417967e-001 0 -1
-5.444981e-001 4.450378e-001 
1
2
12 9 4 6 0 -1
12 9 2 6 0 2
tilted_haar_y2
9.165868e-003 0 -1
-1.929905e-001 8.431910e-002 
1
2
0 7 24 17 0 -1
12 7 12 17 0 2
haar_x2
1.820939e-001 0 -1
-3.373646e-001 7.961293e-001 
1
2
10 6 7 2 0 -1
10 7 7 1 0 2
haar_y2
1.449042e-003 0 -1
-6.873122e-001 3.662455e-001 
1
2
3 4 2 7 0 -1
4 4 1 7 0 2
haar_x2
-9.268886e-004 0 -1
3.758658e-001 -6.751300e-001 
1
2
18 11 3 3 0 -1
19 12 1 1 0 9
haar_point
-2.305931e-003 0 -1
-9.860346e-001 9.458628e-002 
-1.222943e+000

11
-1
