7
1
2
6 4 12 4 0 -1
9 4 6 4 0 2
haar_x4
3.686222e-002 0 -1
-7.419356e-001 6.448600e-001 
1
2
13 3 6 11 0 -1
13 3 3 11 0 2
tilted_haar_y2
-2.633709e-002 0 -1
-4.388899e-001 4.845147e-002 
1
2
3 13 16 4 0 -1
7 13 8 4 0 2
haar_x4
-8.143067e-003 0 -1
5.812017e-001 -6.060923e-001 
1
3
16 0 8 6 0 -1
20 0 4 3 0 2
16 3 4 3 0 2
haar_x2_y2
-5.866976e-003 0 -1
2.973922e-001 -4.497015e-001 
1
2
2 8 2 2 0 -1
2 8 2 1 0 2
tilted_haar_y2
5.000271e-004 0 -1
-5.924696e-001 5.648642e-001 
1
2
20 8 4 8 0 -1
21 9 2 8 0 2
tilted_haar_y4
1.030972e-002 0 -1
-1.534254e-001 3.214099e-001 
1
2
4 8 8 4 0 -1
3 9 8 2 0 2
tilted_haar_y4
6.132630e-003 0 -1
-4.133313e-001 6.236289e-001 
-1.521708e+000

7
-1
