9
1
2
7 0 10 4 0 -1
7 0 5 4 0 2
tilted_haar_x2
-1.115382e-001 0 -1
5.312501e-001 -4.903848e-001 
1
2
20 0 4 1 0 -1
20 0 2 1 0 2
haar_x2
2.071830e-003 0 -1
-2.565654e-001 4.834123e-001 
1
3
1 0 22 16 0 -1
1 0 11 8 0 2
12 8 11 8 0 2
haar_x2_y2
-7.910160e-002 0 -1
-9.443247e-001 2.393808e-001 
1
3
8 1 12 16 0 -1
14 1 6 8 0 2
8 9 6 8 0 2
haar_x2_y2
1.528205e-003 0 -1
4.539217e-002 -6.936468e-001 
1
2
5 5 5 4 0 -1
5 7 5 2 0 2
haar_y2
1.073785e-002 0 -1
-6.406622e-001 4.237505e-001 
1
3
10 15 14 4 0 -1
17 15 7 2 0 2
10 17 7 2 0 2
haar_x2_y2
1.148316e-002 0 -1
-3.055838e-001 6.290102e-001 
1
2
1 8 6 7 0 -1
3 8 2 7 0 3
haar_x3
6.222287e-004 0 -1
-7.112502e-001 3.377211e-001 
1
2
7 22 12 2 0 -1
10 22 6 2 0 2
haar_x4
-4.838266e-003 0 -1
4.443746e-001 -3.185980e-001 
1
2
4 3 3 3 0 -1
4 4 3 1 0 3
haar_y3
2.605078e-003 0 -1
-3.649861e-001 7.262794e-001 
-1.041645e+000

9
-1
