9
1
2
11 5 2 16 0 -1
11 13 2 8 0 2
haar_y2
-3.154792e-003 0 -1
8.947368e-001 -9.790578e-001 
1
2
10 0 4 5 0 -1
11 0 2 5 0 2
haar_x4
7.363952e-005 0 -1
-9.214799e-001 8.253829e-001 
1
2
0 6 8 2 0 -1
0 7 8 1 0 2
haar_y2
2.687307e-003 0 -1
-9.673940e-001 7.628030e-001 
1
2
11 6 12 9 0 -1
15 6 4 9 0 3
haar_x3
-3.575489e-002 0 -1
5.708484e-001 -9.694580e-001 
1
2
5 7 3 3 0 -1
4 8 3 1 0 3
tilted_haar_y3
5.274921e-005 0 -1
-9.900392e-001 8.676826e-001 
1
2
22 0 1 10 0 -1
22 5 1 5 0 2
haar_y2
6.781806e-004 0 -1
-9.853726e-001 -1.289359e-001 
1
2
4 9 2 6 0 -1
4 11 2 2 0 3
haar_y3
2.580555e-004 0 -1
-9.931776e-001 9.614092e-001 
1
2
22 0 2 1 0 -1
22 0 1 1 0 2
haar_x2
0.000000e+000 0 -1
0.000000e+000 -1.000000e+000 
1
2
5 1 8 4 0 -1
4 2 8 2 0 2
tilted_haar_y4
-2.384765e-004 0 -1
9.566002e-001 -9.999992e-001 
-5.312290e-001

3
-1
