6
1
2
6 0 4 4 0 -1
6 2 4 2 0 2
haar_y2
-1.233306e-002 0 -1
6.962026e-001 -4.545456e-001 
1
2
11 0 2 24 0 -1
11 12 2 12 0 2
haar_y2
-8.172400e-003 0 -1
2.998112e-001 -9.712644e-001 
1
2
4 5 15 6 0 -1
4 8 15 3 0 2
haar_y2
4.868464e-002 0 -1
-7.962506e-001 3.960909e-001 
1
2
11 3 4 10 0 -1
11 3 2 10 0 2
haar_x2
1.227427e-002 0 -1
-3.193195e-001 2.106384e-001 
1
2
9 3 4 10 0 -1
11 3 2 10 0 2
haar_x2
1.871218e-002 0 -1
-4.807691e-001 5.214269e-001 
1
2
17 10 3 2 0 -1
18 11 1 2 0 3
tilted_haar_y3
2.915353e-003 0 -1
2.078624e-001 -9.367106e-001 
-1.013253e+000

5
-1
